49.025527683618 8.4485639823568 113.8784866333 -0.012321 0.01342 1.2863623267949 -0.0034052341438435 0.0020370721080452 -0.0026965645777467 0.0029109659261099 0.0049902647992148 -0.13952158867401 -0.11367659196778 9.7983777611197 -0.0081699968374392 0.0073279244202062 9.8000251623495 0.00059482697684671 0.00031770170100912 0.0009750090862761 0.00060778528338172 0.00032970756579668 0.00096295209933771 0.019798989873223 0.010630145812735 4 13 6 6 6 
49.025527683352 8.4485639741544 113.87936401367 -0.012392 0.01337 1.2862853267949 -0.0034401386523657 0.0017335601058709 -0.0028152920333277 0.0026294324295059 0.0052376761221723 -0.13454559091192 -0.11553720963179 9.7973519994894 -0.003400980973144 0.0057246911122781 9.7989554646201 -0.00017044555410545 -0.00023889958586452 -0.00046476878280197 -0.00017656351748602 -0.00024463418575512 -0.00045945139531425 0.019798989873223 0.010630145812735 4 13 6 6 6 
49.025527687567 8.4485639623827 113.87989807129 -0.012391 0.013386 1.2862933267949 -0.0034096885316323 0.0012426431989713 -0.0029238572403483 0.0021496962287425 0.0051955111892387 -0.1335899907038 -0.12512066948799 9.8150254381494 -0.0020174674671226 -0.0036849445417898 9.81673217691 -0.00019659402886638 -0.00035772737133212 -0.00039675603790045 -0.00020179983385523 -0.00036257506588796 -0.00038959338782676 0.019798989873223 0.010630145812735 4 13 6 6 6 
49.025527686243 8.4485639523955 113.88011169434 -0.012366 0.013389 1.2862653267949 -0.0031853991214205 0.0009472861408228 -0.002791450524287 0.001803315256639 0.0051835567422686 -0.12927353518171 -0.12103335808531 9.8044452192081 0.0021998080208299 0.0003695300851643 9.8060452303442 0.0003962066573032 -0.00030868401268238 -0.00046917890856681 0.00038993513567056 -0.00031445093309849 -0.00047058365962897 0.019798989873223 0.010630145812735 4 13 6 6 6 
49.025527685368 8.4485639410544 113.88031005859 -0.012388 0.01341 1.2863303267949 -0.0033504901811459 0.00035163419356567 -0.0031171193013773 0.0012778690469578 0.0049939174823508 -0.12661056786784 -0.13202118685133 9.8244758289612 0.0051941462196289 -0.010299069713299 9.8261729446641 0.00011327725756876 -6.2740839142367e-05 0.00025716427582539 0.00011675916133897 -5.957235236568e-05 0.00025638598681597 0.019798989873223 0.010630145812735 4 13 6 6 6 
49.025527682956 8.4485639375659 113.88150024414 -0.012378 0.013438 1.2863203267949 -0.0033646642585697 1.8442217809404e-05 -0.0032242289756017 0.00096207601072749 0.0049974701416387 -0.13712627862538 -0.10987699937336 9.8003839277912 -0.0056980742534311 0.011565355764661 9.8019518713242 0.00025860804165738 0.00052409721498349 0.00030862971615979 0.00026270886800979 0.000527872411505 0.00029858811074546 0.019798989873223 0.010630145812735 4 13 6 6 6 
49.025527683272 8.4485639306224 113.88256835938 -0.012401 0.013386 1.2863483267949 -0.003246918886609 -0.00023174566238558 -0.0031814645991791 0.00068881108465166 0.0053354381151622 -0.12809762445166 -0.12808412739289 9.8174265956617 0.0035846487339104 -0.0062791032702679 9.8190955665606 0.00014385253886249 -0.00044804542464933 0.00032662352409739 0.00014831094723853 -0.00044397304557729 0.00033023121017458 0.019798989873223 0.010630145812735 4 13 6 6 6 
49.025527683284 8.4485639203834 113.8832321167 -0.012352 0.013395 1.2863253267949 -0.0033504781113608 -0.00065848765995347 -0.0034006337693354 0.0003082597728565 0.0052908267918268 -0.14284055787664 -0.11055522618968 9.8020518224055 -0.011214895339905 0.010889174271181 9.8037048297615 0.0007347007226137 -0.00054988003423815 -0.00021332934880288 0.00073181479043031 -0.00055251242757661 -0.00021640387950872 0.019798989873223 0.010630145812735 4 13 6 6 6 
49.025527683366 8.4485639133021 113.88381958008 -0.012356 0.013442 1.2863253267949 -0.0032881616605133 -0.00081296702373407 -0.003384172225769 0.00014245288946526 0.005317170509376 -0.12649161470182 -0.12789142065728 9.8209417882318 0.005439328764665 -0.0060294221088858 9.822585978181 0.00098455031153112 0.00017413111580475 -0.00040404194064376 0.00097898416763499 0.0001691242053753 -0.00041940049272244 0.019798989873223 0.010630145812735 4 13 6 6 6 
49.025527684153 8.4485639040941 113.88440704346 -0.012432 0.013486 1.2862993267949 -0.0030714344064092 -0.0013226219728203 -0.0033191981082694 -0.00040742540445139 0.0053395783122346 -0.13601145476159 -0.11314368436997 9.7978984475872 -0.0044110696789715 0.0084657624130784 9.7994917276439 -0.00028271824777696 0.00098436846679631 -0.0002446640345362 -0.00028615245424031 0.00098126545506253 -0.0002530809917409 0.019798989873223 0.010630145812735 4 13 6 6 6 
49.025527686647 8.4485638833351 113.8835067749 -0.012391 0.013454 1.2863063267949 -0.0030061290964747 -0.0018110895320496 -0.0033936322796996 -0.00089448739952689 0.0049726157121039 -0.12807431428968 -0.1255260205527 9.8111745430629 0.0037170181242436 -0.0037481917913411 9.8128133757148 0.00052723523247056 0.00038711768454701 0.00055787704562816 0.00053468501856119 0.00039396216608468 0.00054588268572798 0.019798989873223 0.010630145812735 4 13 6 6 6 
