# calib format: translation_x translation_y translation_z rotation_x rotation_y rotation_z rotation_w
calib_wide_to_at128_fusion: 0.4358211094692113 0.003529794156585862 -0.4903907836277047 0.4902166220063459 -0.5017998045989983 0.5063191300172454 -0.5015232379378589
wide_D: -0.3083076897212495 0.1060401968877359 0 0 -0.01733314225080386
wide_K: 1862.6489614279458 0 1897.9766539282841 0 1862.6489614279458 1031.6573202002767 0 0 1
wide_image_width: 3840
wide_image_height: 2160
wide_image_scale: 1
calib_spherical-right-forward_to_at128_fusion: 0.4381589876294758 -0.5653450901273311 -0.4848176266249214 0.2410417566786368 -0.6629544461504329 0.6677459826819002 -0.23770901640205608
spherical-right-forward_D: -0.3598060781182554 0.1828515138566581 0 0 -0.05458101342476356
spherical-right-forward_K: 2263.315690629684 0 1930.796754392792 0 2263.315690629684 1074.4822819550575 0 0 1
spherical-right-forward_image_width: 3840
spherical-right-forward_image_height: 2160
spherical-right-forward_image_scale: 1
calib_spherical-right-backward_to_at128_fusion: 1.166994927239174 -0.9502728473752003 -1.125478234970008 0.2215428533095773 0.6706489652489492 -0.6640138115471046 -0.2454269496869713
spherical-right-backward_D: -0.3016337765393497 0.09777569581829534 0 0 -0.01443788884221861
spherical-right-backward_K: 1848.1031348320653 0 1933.7765447518884 0 1848.1031348320653 1026.5788827035828 0 0 1
spherical-right-backward_image_width: 3840
spherical-right-backward_image_height: 2160
spherical-right-backward_image_scale: 1
calib_spherical-backward_to_at128_fusion: -1.027120377457849 -0.01235790960523289 -0.4598589349829233 -0.4884558237385199 -0.49663342519232456 0.5052826673026518 0.5093678193223254
spherical-backward_D: -0.3207725171070714 0.1600810606198435 0 0 -0.0777048263049893
spherical-backward_K: 3157.3413561779435 0 1897.7124576224328 0 3157.3413561779435 1037.9495663479026 0 0 1
spherical-backward_image_width: 3840
spherical-backward_image_height: 2160
spherical-backward_image_scale: 1
calib_fisheye-left_to_at128_fusion: 1.2211216029517842 0.9557488497762566 -1.106129332962724 0.817468041776104 -0.004599835050717934 0.012497694100419366 -0.5758199804056998
fisheye-left_D: 0 0 0 0 0
fisheye-left_K: 300 0 960 0 300 768 0 0 1
fisheye-left_image_width: 1920
fisheye-left_image_height: 1536
fisheye-left_image_scale: 1
calib_fisheye-right_to_at128_fusion: 1.225560281962031 -0.9740778407937822 -1.133230663189207 -0.01078836098115434 0.818048699084425 -0.5749355140859668 0.01136185884110114
fisheye-right_D: 0 0 0 0 0
fisheye-right_K: 300 0 960 0 300 768 0 0 1
fisheye-right_image_width: 1920
fisheye-right_image_height: 1536
fisheye-right_image_scale: 1
calib_spherical-left-forward_to_at128_fusion: 0.4432218266940248 0.5628359347142278 -0.4852523166899459 0.6681810314102705 -0.2342708352815933 0.23834522531716718 -0.664712598472814
spherical-left-forward_D: -0.3559154146463108 0.1745130969088965 0 0 -0.04951325831355126
spherical-left-forward_K: 2262.807983904244 0 1935.1385921016952 0 2262.807983904244 1050.6794638777765 0 0 1
spherical-left-forward_image_width: 3840
spherical-left-forward_image_height: 2160
spherical-left-forward_image_scale: 1
calib_obstacle_to_at128_fusion: 0.489518130031956 -0.02945436564130331 -0.4929393635788265 -0.500677789650434 0.49376240367541463 -0.49772616641790407 0.5077293599255113
obstacle_D: -0.318448629472795 0.1590011510507772 0 0 -0.07982710969535539
obstacle_K: 3157.740152389458 0 1877.8239571322447 0 3157.74015238945 1032.5844237793194 0 0 1
obstacle_image_width: 3840
obstacle_image_height: 2160
obstacle_image_scale: 1
calib_fisheye-rear_to_at128_fusion: -2.551409695388489 -0.005321370838973064 -1.271146586003281 0.579710520912511 0.581122141353763 -0.4039646096093517 -0.4037887603127734
fisheye-rear_D: 0 0 0 0 0
fisheye-rear_K: 300 0 960 0 300 768 0 0 1
fisheye-rear_image_width: 1920
fisheye-rear_image_height: 1536
fisheye-rear_image_scale: 1
calib_spherical-left-backward_to_at128_fusion: 1.181184877433981 0.9544540150459778 -1.113867884907907 0.6666638845449765 0.23532895977007362 -0.2533480024140737 -0.6602986713675381
spherical-left-backward_D: -0.3074238561078499 0.1040817924559026 0 0 -0.0164151923855278
spherical-left-backward_K: 1867.502704198029 0 1926.7377610634296 0 1867.502704198029 1035.3276992703863 0 0 1
spherical-left-backward_image_width: 3840
spherical-left-backward_image_height: 2160
spherical-left-backward_image_scale: 1
calib_fisheye-front_to_at128_fusion: 2.621723939165999 0.01403320898147949 -1.319021556316448 -0.5808467117751174 0.5834078163265537 -0.402009818319571 0.4007998543460081
fisheye-front_D: 0 0 0 0 0
fisheye-front_K: 300 0 960 0 300 768 0 0 1
fisheye-front_image_width: 1920
fisheye-front_image_height: 1536
fisheye-front_image_scale: 1
calib_narrow_to_at128_fusion: 0.5472070450142495 0.01146905749305021 -0.5298023617119749 0.5006747496043975 -0.4998268172830806 0.49990329722822824 -0.4995944768045237
narrow_D: -0.3631997868873623 0.735911319309364 0 0 -3.109288811048114
narrow_K: 7321.64826554669 0 1920 0 7321.64826554669 1080 0 0 1
narrow_image_width: 3840
narrow_image_height: 2160
narrow_image_scale: 1
